net1 1995 2078 net2 0 83 color=0,0,225,0.3
net1 2394 2436 net2 84 126 color=0,165,255,0.3
net1 3192 3241 net2 127 176 color=0,134,255,0.3
net1 2079 2128 net2 399 448 color=0,134,255,0.3
net1 2129 2228 net2 798 897 color=0,0,149,0.3
net1 2437 2499 net2 898 960 color=0,60,255,0.3
net1 2793 2823 net2 961 991 color=0,225,255,0.3
net1 3242 3290 net2 992 1040 color=0,134,255,0.3
net1 2229 2295 net2 1596 1662 color=0,45,255,0.3
net1 2500 2538 net2 1663 1701 color=0,180,255,0.3
net2 1041 1076 net2 2793 2828 color=0,194,255,0.3
net1 2296 2330 net2 3192 3226 color=0,209,255,0.3
net1 798 827 net3 0 29 color=255,240,0,0.3
net1 2824 2904 net3 30 110 color=149,0,0,0.3
net1 3291 3338 net3 111 158 color=255,120,0,0.3
net2 1197 1219 net3 159 181 color=255,255,0,0.3
net2 1702 1728 net3 182 208 color=0,240,255,0.3
net1 828 852 net3 399 423 color=0,255,255,0.3
net1 2905 2951 net3 424 470 color=255,120,0,0.3
net1 3339 3364 net3 471 496 color=0,255,255,0.3
net2 1220 1246 net3 497 523 color=0,240,255,0.3
net1 853 884 net3 798 829 color=255,225,0,0.3
net1 1197 1224 net3 830 857 color=255,255,0,0.3
net1 2331 2358 net3 858 885 color=255,255,0,0.3
net1 2952 3029 net3 886 963 color=165,0,0,0.3
net1 3365 3445 net3 964 1044 color=149,0,0,0.3
net2 1995 2032 net3 1045 1082 color=255,194,0,0.3
net2 2394 2433 net3 1083 1122 color=255,180,0,0.3
net2 2829 2859 net3 1123 1153 color=255,240,0,0.3
net1 2359 2393 net3 1197 1231 color=255,209,0,0.3
net1 3030 3057 net3 1232 1259 color=255,255,0,0.3
net2 1247 1301 net3 1260 1314 color=0,105,255,0.3
net1 3058 3139 net3 1596 1677 color=134,0,0,0.3
net2 1302 1321 net3 1678 1697 color=255,255,0,0.3
net3 209 235 net3 1995 2021 color=0,240,255,0.3
net3 524 558 net3 2022 2056 color=0,209,255,0.3
net3 1315 1344 net3 2057 2086 color=0,225,255,0.3
